timestamp_ms,NO2,C2H5CH,VOC,CO
0.0,452.0,722.0,400.0,573.0
100.0,452.0,722.0,401.0,575.0
200.0,451.0,723.0,401.0,575.0
300.0,452.0,722.0,401.0,577.0
400.0,452.0,723.0,401.0,580.0
500.0,452.0,723.0,402.0,581.0
600.0,451.0,723.0,402.0,583.0
700.0,451.0,723.0,402.0,585.0
800.0,451.0,722.0,404.0,586.0
900.0,451.0,722.0,403.0,588.0
1000.0,451.0,723.0,405.0,591.0
1100.0,451.0,724.0,404.0,591.0
1200.0,450.0,723.0,405.0,594.0
1300.0,450.0,723.0,406.0,593.0
1400.0,449.0,722.0,405.0,593.0
1500.0,449.0,723.0,406.0,595.0
1600.0,448.0,722.0,406.0,594.0
1700.0,447.0,721.0,406.0,594.0
1800.0,447.0,721.0,406.0,593.0
1900.0,447.0,721.0,406.0,593.0
2000.0,446.0,721.0,406.0,591.0
2100.0,445.0,721.0,407.0,589.0
2200.0,445.0,721.0,405.0,589.0
2300.0,444.0,720.0,406.0,587.0
2400.0,443.0,720.0,406.0,586.0
2500.0,443.0,720.0,406.0,585.0
2600.0,442.0,720.0,405.0,583.0
2700.0,442.0,720.0,404.0,581.0
2800.0,442.0,719.0,406.0,579.0
2900.0,441.0,719.0,405.0,578.0
3000.0,441.0,719.0,405.0,577.0
3100.0,440.0,718.0,405.0,575.0
3200.0,439.0,719.0,405.0,573.0
3300.0,439.0,718.0,405.0,572.0
3400.0,439.0,718.0,404.0,570.0
3500.0,439.0,718.0,405.0,569.0
3600.0,438.0,717.0,404.0,567.0
3700.0,438.0,717.0,404.0,564.0
3800.0,437.0,718.0,405.0,562.0
3900.0,437.0,717.0,405.0,559.0
4000.0,435.0,718.0,404.0,558.0
4100.0,435.0,717.0,402.0,557.0
4200.0,434.0,717.0,402.0,552.0
4300.0,434.0,716.0,403.0,552.0
4400.0,435.0,716.0,403.0,548.0
4500.0,434.0,716.0,403.0,548.0
4600.0,435.0,716.0,402.0,546.0
4700.0,435.0,716.0,403.0,545.0
4800.0,434.0,716.0,402.0,544.0
4900.0,434.0,716.0,402.0,544.0
5000.0,434.0,716.0,402.0,542.0
5100.0,434.0,715.0,401.0,541.0
5200.0,433.0,716.0,401.0,542.0
5300.0,433.0,714.0,401.0,539.0
5400.0,433.0,715.0,400.0,538.0
5500.0,433.0,715.0,400.0,535.0
5600.0,432.0,715.0,401.0,536.0
5700.0,432.0,714.0,400.0,535.0
5800.0,433.0,715.0,400.0,533.0
5900.0,433.0,714.0,399.0,532.0
6000.0,431.0,715.0,400.0,531.0
6100.0,432.0,714.0,400.0,530.0
6200.0,431.0,713.0,399.0,530.0
6300.0,431.0,713.0,399.0,528.0
6400.0,431.0,713.0,399.0,525.0
6500.0,430.0,714.0,399.0,525.0
6600.0,430.0,714.0,399.0,524.0
6700.0,430.0,714.0,398.0,522.0
6800.0,428.0,712.0,398.0,519.0
6900.0,429.0,713.0,398.0,518.0
7000.0,427.0,713.0,398.0,516.0
7100.0,427.0,712.0,398.0,513.0
7200.0,427.0,712.0,397.0,512.0
7300.0,426.0,711.0,396.0,510.0
7400.0,426.0,712.0,396.0,507.0
7500.0,424.0,711.0,397.0,506.0
7600.0,425.0,711.0,395.0,504.0
7700.0,424.0,711.0,395.0,502.0
7800.0,424.0,710.0,396.0,501.0
7900.0,424.0,710.0,395.0,499.0
8000.0,423.0,710.0,395.0,497.0
8100.0,423.0,710.0,395.0,495.0
8200.0,423.0,709.0,394.0,496.0
8300.0,423.0,709.0,394.0,493.0
8400.0,422.0,708.0,394.0,492.0
8500.0,422.0,708.0,394.0,490.0
8600.0,421.0,709.0,394.0,490.0
8700.0,423.0,708.0,393.0,489.0
8800.0,422.0,708.0,393.0,489.0
8900.0,423.0,709.0,392.0,489.0
9000.0,424.0,708.0,392.0,491.0
9100.0,425.0,709.0,393.0,490.0
9200.0,427.0,710.0,393.0,493.0
9300.0,428.0,710.0,392.0,493.0
9400.0,429.0,711.0,393.0,495.0
9500.0,430.0,712.0,393.0,498.0
9600.0,431.0,714.0,393.0,500.0
9700.0,432.0,714.0,393.0,502.0
9800.0,435.0,715.0,393.0,503.0
9900.0,436.0,716.0,394.0,504.0
10000.0,437.0,716.0,392.0,505.0
10100.0,438.0,717.0,393.0,507.0
10200.0,440.0,718.0,393.0,508.0
10300.0,441.0,717.0,394.0,509.0
10400.0,441.0,718.0,394.0,508.0
10500.0,442.0,718.0,394.0,510.0
10600.0,443.0,718.0,394.0,510.0
10700.0,442.0,719.0,394.0,510.0
10800.0,443.0,719.0,393.0,510.0
10900.0,443.0,719.0,393.0,510.0
11000.0,443.0,719.0,394.0,510.0
11100.0,443.0,719.0,394.0,511.0
11200.0,443.0,719.0,394.0,511.0
11300.0,442.0,718.0,393.0,512.0
11400.0,443.0,718.0,393.0,511.0
11500.0,441.0,718.0,393.0,511.0
11600.0,441.0,718.0,394.0,512.0
11700.0,441.0,718.0,393.0,511.0
11800.0,440.0,717.0,394.0,511.0
11900.0,440.0,717.0,393.0,509.0
12000.0,439.0,716.0,394.0,508.0
12100.0,438.0,716.0,393.0,507.0
12200.0,438.0,715.0,393.0,506.0
12300.0,436.0,716.0,392.0,504.0
12400.0,436.0,715.0,392.0,502.0
12500.0,435.0,715.0,392.0,501.0
12600.0,435.0,714.0,392.0,499.0
12700.0,434.0,714.0,391.0,496.0
12800.0,433.0,712.0,391.0,493.0
12900.0,432.0,713.0,391.0,492.0
13000.0,430.0,712.0,390.0,490.0
13100.0,430.0,711.0,389.0,488.0
13200.0,429.0,711.0,389.0,489.0
13300.0,429.0,710.0,389.0,488.0
13400.0,428.0,710.0,390.0,489.0
13500.0,428.0,710.0,389.0,491.0
13600.0,428.0,709.0,388.0,495.0
13700.0,428.0,710.0,390.0,497.0
13800.0,428.0,710.0,389.0,501.0
13900.0,428.0,710.0,390.0,505.0
14000.0,428.0,709.0,390.0,512.0
14100.0,429.0,709.0,390.0,515.0
14200.0,429.0,709.0,391.0,521.0
14300.0,428.0,709.0,392.0,528.0
14400.0,428.0,709.0,392.0,530.0
14500.0,429.0,710.0,392.0,538.0
14600.0,428.0,710.0,393.0,542.0
14700.0,430.0,710.0,394.0,549.0
14800.0,430.0,710.0,395.0,554.0
14900.0,430.0,709.0,395.0,559.0
15000.0,430.0,711.0,396.0,564.0
15100.0,430.0,710.0,397.0,569.0
15200.0,431.0,709.0,398.0,574.0
15300.0,430.0,710.0,398.0,576.0
15400.0,431.0,710.0,398.0,581.0
15500.0,431.0,710.0,399.0,583.0
15600.0,430.0,710.0,401.0,587.0
15700.0,430.0,709.0,400.0,587.0
15800.0,431.0,709.0,401.0,589.0
15900.0,430.0,708.0,402.0,592.0
16000.0,432.0,709.0,402.0,593.0
16100.0,431.0,710.0,403.0,594.0
16200.0,431.0,709.0,403.0,596.0
16300.0,431.0,709.0,404.0,599.0
16400.0,431.0,709.0,404.0,597.0
16500.0,431.0,710.0,404.0,598.0
16600.0,431.0,709.0,404.0,599.0
16700.0,431.0,709.0,405.0,601.0
16800.0,431.0,709.0,404.0,599.0
16900.0,431.0,709.0,406.0,600.0
17000.0,430.0,708.0,405.0,598.0
17100.0,430.0,709.0,405.0,598.0
17200.0,430.0,708.0,406.0,596.0
17300.0,430.0,708.0,405.0,597.0
17400.0,430.0,709.0,405.0,594.0
17500.0,431.0,708.0,404.0,594.0
17600.0,430.0,708.0,405.0,594.0
17700.0,430.0,708.0,404.0,595.0
17800.0,430.0,708.0,404.0,594.0
17900.0,431.0,708.0,405.0,594.0
18000.0,430.0,708.0,405.0,594.0
18100.0,430.0,709.0,405.0,594.0
18200.0,431.0,709.0,405.0,593.0
18300.0,430.0,709.0,406.0,592.0
18400.0,430.0,709.0,405.0,591.0
18500.0,430.0,709.0,406.0,590.0
18600.0,429.0,709.0,405.0,590.0
18700.0,430.0,708.0,405.0,588.0
18800.0,430.0,707.0,405.0,586.0
18900.0,429.0,708.0,405.0,586.0
19000.0,428.0,707.0,405.0,584.0
19100.0,428.0,707.0,406.0,583.0
19200.0,427.0,707.0,405.0,583.0
19300.0,426.0,705.0,406.0,582.0
19400.0,425.0,706.0,406.0,581.0
19500.0,424.0,705.0,406.0,581.0
19600.0,424.0,705.0,406.0,580.0
19700.0,424.0,704.0,405.0,583.0
19800.0,423.0,705.0,405.0,582.0
19900.0,423.0,704.0,406.0,585.0
20000.0,423.0,704.0,406.0,585.0
20100.0,421.0,704.0,406.0,585.0
20200.0,422.0,705.0,406.0,588.0
20300.0,422.0,704.0,406.0,588.0
20400.0,422.0,704.0,406.0,589.0
20500.0,422.0,705.0,407.0,590.0
20600.0,422.0,705.0,407.0,591.0
20700.0,423.0,705.0,406.0,591.0
20800.0,422.0,705.0,407.0,593.0
20900.0,423.0,705.0,407.0,593.0
21000.0,423.0,705.0,407.0,593.0
21100.0,423.0,706.0,407.0,594.0
21200.0,422.0,705.0,407.0,595.0
21300.0,423.0,706.0,406.0,595.0
21400.0,423.0,705.0,406.0,595.0
21500.0,422.0,705.0,406.0,596.0
21600.0,423.0,705.0,407.0,596.0
21700.0,423.0,706.0,407.0,596.0
21800.0,423.0,705.0,407.0,596.0
21900.0,422.0,706.0,406.0,597.0
22000.0,423.0,705.0,407.0,596.0
22100.0,422.0,706.0,407.0,596.0
22200.0,423.0,705.0,407.0,594.0
22300.0,422.0,706.0,408.0,594.0
22400.0,422.0,706.0,407.0,595.0
22500.0,422.0,705.0,407.0,594.0
22600.0,422.0,704.0,408.0,593.0
22700.0,422.0,705.0,407.0,593.0
22800.0,421.0,705.0,407.0,592.0
22900.0,421.0,704.0,407.0,591.0
23000.0,421.0,704.0,407.0,589.0
23100.0,421.0,705.0,408.0,588.0
23200.0,421.0,704.0,407.0,588.0
23300.0,420.0,704.0,407.0,585.0
23400.0,421.0,704.0,407.0,584.0
23500.0,420.0,703.0,407.0,582.0
23600.0,420.0,704.0,407.0,579.0
23700.0,420.0,702.0,407.0,577.0
23800.0,419.0,703.0,406.0,574.0
23900.0,419.0,703.0,406.0,573.0
24000.0,420.0,702.0,406.0,570.0
24100.0,420.0,704.0,405.0,567.0
24200.0,420.0,702.0,405.0,566.0
24300.0,421.0,703.0,404.0,564.0
24400.0,421.0,703.0,405.0,563.0
24500.0,421.0,703.0,405.0,561.0
24600.0,422.0,703.0,404.0,560.0
24700.0,422.0,704.0,405.0,558.0
24800.0,422.0,704.0,405.0,555.0
24900.0,422.0,703.0,404.0,556.0
25000.0,422.0,704.0,404.0,554.0
25100.0,422.0,704.0,404.0,554.0
25200.0,423.0,703.0,404.0,554.0
25300.0,422.0,703.0,404.0,550.0
25400.0,423.0,702.0,403.0,549.0
25500.0,423.0,704.0,403.0,549.0
25600.0,424.0,704.0,403.0,548.0
25700.0,426.0,705.0,404.0,549.0
25800.0,427.0,705.0,402.0,549.0
25900.0,428.0,706.0,403.0,550.0
26000.0,431.0,708.0,403.0,551.0
26100.0,432.0,709.0,403.0,554.0
26200.0,434.0,709.0,404.0,555.0
26300.0,436.0,710.0,404.0,555.0
26400.0,437.0,711.0,404.0,557.0
26500.0,439.0,711.0,404.0,557.0
26600.0,440.0,712.0,404.0,557.0
26700.0,440.0,711.0,403.0,558.0
26800.0,440.0,712.0,404.0,557.0
26900.0,441.0,712.0,403.0,559.0
27000.0,442.0,712.0,404.0,557.0
27100.0,443.0,712.0,404.0,558.0
27200.0,443.0,713.0,404.0,558.0
27300.0,444.0,713.0,404.0,556.0
27400.0,444.0,713.0,404.0,555.0
27500.0,444.0,713.0,404.0,554.0
27600.0,446.0,713.0,403.0,554.0
27700.0,446.0,714.0,403.0,553.0
27800.0,446.0,714.0,404.0,553.0
27900.0,446.0,715.0,404.0,552.0
28000.0,447.0,715.0,403.0,551.0
28100.0,447.0,714.0,404.0,550.0
28200.0,448.0,714.0,403.0,549.0
28300.0,448.0,715.0,402.0,550.0
28400.0,448.0,715.0,403.0,549.0
28500.0,448.0,715.0,402.0,551.0
28600.0,448.0,715.0,403.0,554.0
28700.0,448.0,715.0,402.0,554.0
28800.0,450.0,716.0,403.0,558.0
28900.0,449.0,715.0,403.0,561.0
29000.0,451.0,716.0,403.0,563.0
29100.0,452.0,716.0,403.0,566.0
29200.0,451.0,717.0,405.0,572.0
29300.0,453.0,717.0,406.0,574.0
29400.0,454.0,718.0,406.0,579.0
29500.0,455.0,718.0,407.0,584.0
29600.0,455.0,719.0,407.0,587.0
29700.0,455.0,720.0,408.0,591.0
29800.0,455.0,720.0,408.0,594.0
29900.0,456.0,721.0,408.0,599.0
30000.0,456.0,721.0,409.0,602.0
30100.0,457.0,722.0,409.0,607.0
30200.0,457.0,722.0,410.0,609.0
30300.0,457.0,723.0,409.0,612.0
30400.0,457.0,723.0,410.0,614.0
30500.0,457.0,724.0,411.0,618.0
30600.0,458.0,723.0,411.0,619.0
30700.0,456.0,724.0,412.0,623.0
30800.0,457.0,724.0,412.0,624.0
30900.0,457.0,724.0,413.0,626.0
31000.0,457.0,725.0,413.0,626.0
31100.0,457.0,726.0,413.0,627.0
31200.0,457.0,725.0,413.0,628.0
31300.0,456.0,724.0,414.0,629.0
31400.0,457.0,725.0,414.0,627.0
31500.0,455.0,724.0,415.0,627.0
31600.0,455.0,724.0,414.0,627.0
31700.0,455.0,726.0,415.0,626.0
31800.0,455.0,725.0,414.0,624.0
31900.0,454.0,723.0,415.0,622.0
32000.0,454.0,724.0,416.0,621.0
32100.0,452.0,724.0,414.0,619.0
32200.0,452.0,724.0,416.0,618.0
32300.0,452.0,723.0,415.0,615.0
32400.0,450.0,724.0,415.0,614.0
32500.0,450.0,723.0,416.0,612.0
32600.0,451.0,722.0,415.0,608.0
32700.0,450.0,722.0,415.0,604.0
32800.0,449.0,722.0,414.0,602.0
32900.0,450.0,722.0,414.0,599.0
33000.0,449.0,722.0,414.0,595.0
33100.0,449.0,721.0,414.0,594.0
33200.0,448.0,721.0,413.0,589.0
33300.0,447.0,721.0,413.0,586.0
33400.0,447.0,720.0,413.0,583.0
33500.0,447.0,720.0,413.0,579.0
33600.0,445.0,719.0,413.0,577.0
33700.0,446.0,719.0,413.0,573.0
33800.0,446.0,719.0,411.0,570.0
33900.0,445.0,719.0,412.0,567.0
34000.0,445.0,718.0,411.0,564.0
34100.0,444.0,718.0,411.0,560.0
34200.0,443.0,718.0,411.0,558.0
34300.0,445.0,718.0,411.0,554.0
34400.0,444.0,718.0,410.0,551.0
34500.0,443.0,718.0,409.0,547.0
34600.0,444.0,717.0,410.0,546.0
34700.0,443.0,718.0,410.0,543.0
34800.0,443.0,717.0,410.0,542.0
34900.0,442.0,717.0,409.0,538.0
35000.0,442.0,717.0,409.0,536.0
35100.0,441.0,716.0,409.0,535.0
35200.0,441.0,715.0,408.0,534.0
35300.0,441.0,716.0,408.0,531.0
35400.0,440.0,716.0,408.0,530.0
35500.0,439.0,715.0,408.0,529.0
35600.0,438.0,715.0,408.0,527.0
35700.0,438.0,715.0,407.0,525.0
35800.0,438.0,715.0,407.0,525.0
35900.0,438.0,715.0,407.0,525.0
36000.0,437.0,714.0,407.0,524.0
36100.0,436.0,715.0,407.0,522.0
36200.0,436.0,714.0,405.0,521.0
36300.0,435.0,713.0,406.0,520.0
36400.0,434.0,714.0,407.0,519.0
36500.0,434.0,713.0,406.0,519.0
36600.0,434.0,713.0,406.0,519.0
36700.0,433.0,712.0,405.0,518.0
36800.0,432.0,713.0,406.0,517.0
36900.0,433.0,713.0,405.0,516.0
37000.0,432.0,712.0,405.0,517.0
37100.0,431.0,712.0,404.0,516.0
37200.0,431.0,712.0,405.0,516.0
37300.0,431.0,712.0,405.0,515.0
37400.0,430.0,711.0,404.0,513.0
37500.0,430.0,712.0,404.0,513.0
37600.0,431.0,711.0,404.0,513.0
37700.0,430.0,712.0,404.0,513.0
37800.0,430.0,711.0,404.0,512.0
37900.0,431.0,712.0,404.0,512.0
38000.0,430.0,712.0,403.0,512.0
38100.0,430.0,712.0,404.0,512.0
38200.0,431.0,712.0,403.0,512.0
38300.0,430.0,712.0,404.0,511.0
38400.0,430.0,713.0,403.0,510.0
38500.0,430.0,713.0,402.0,511.0
38600.0,430.0,712.0,403.0,511.0
38700.0,429.0,713.0,402.0,511.0
38800.0,430.0,713.0,402.0,510.0
38900.0,428.0,712.0,402.0,510.0
39000.0,429.0,712.0,403.0,512.0
39100.0,431.0,712.0,402.0,513.0
39200.0,429.0,712.0,402.0,514.0
39300.0,430.0,712.0,402.0,514.0
39400.0,430.0,712.0,403.0,514.0
39500.0,430.0,712.0,402.0,514.0
39600.0,430.0,711.0,402.0,513.0
39700.0,430.0,712.0,402.0,514.0
39800.0,430.0,712.0,403.0,513.0
39900.0,430.0,712.0,401.0,512.0
40000.0,430.0,712.0,401.0,512.0
40100.0,429.0,711.0,400.0,511.0
40200.0,428.0,712.0,401.0,509.0
40300.0,428.0,711.0,402.0,509.0
40400.0,427.0,711.0,401.0,509.0
40500.0,427.0,711.0,401.0,508.0
40600.0,427.0,710.0,400.0,507.0
40700.0,426.0,710.0,401.0,506.0
40800.0,426.0,710.0,400.0,504.0
40900.0,426.0,709.0,401.0,502.0
41000.0,426.0,709.0,400.0,500.0
41100.0,424.0,709.0,400.0,498.0
41200.0,424.0,708.0,400.0,497.0
41300.0,423.0,708.0,400.0,495.0
41400.0,423.0,708.0,399.0,494.0
41500.0,423.0,709.0,398.0,491.0
41600.0,423.0,708.0,398.0,490.0
41700.0,423.0,707.0,398.0,489.0
41800.0,423.0,708.0,398.0,489.0
41900.0,423.0,709.0,398.0,488.0
42000.0,423.0,708.0,398.0,489.0
42100.0,423.0,708.0,397.0,488.0
42200.0,423.0,708.0,398.0,488.0
42300.0,423.0,708.0,397.0,488.0
42400.0,422.0,707.0,398.0,487.0
42500.0,422.0,707.0,397.0,486.0
42600.0,422.0,708.0,397.0,486.0
42700.0,421.0,708.0,397.0,486.0
42800.0,421.0,707.0,397.0,483.0
42900.0,421.0,708.0,397.0,483.0
43000.0,421.0,707.0,395.0,482.0
43100.0,420.0,707.0,396.0,482.0
43200.0,421.0,706.0,396.0,482.0
43300.0,420.0,706.0,395.0,480.0
43400.0,420.0,707.0,396.0,481.0
43500.0,421.0,706.0,395.0,483.0
43600.0,421.0,706.0,395.0,482.0
43700.0,421.0,706.0,395.0,484.0
43800.0,420.0,706.0,395.0,485.0
43900.0,420.0,707.0,396.0,487.0
44000.0,421.0,707.0,395.0,488.0
44100.0,421.0,707.0,395.0,490.0
44200.0,420.0,706.0,395.0,490.0
44300.0,421.0,705.0,395.0,491.0
44400.0,421.0,706.0,395.0,493.0
44500.0,421.0,706.0,395.0,495.0
44600.0,421.0,706.0,395.0,495.0
44700.0,421.0,706.0,395.0,496.0
44800.0,422.0,706.0,395.0,499.0
44900.0,422.0,705.0,394.0,501.0
45000.0,421.0,706.0,394.0,502.0
45100.0,422.0,705.0,394.0,504.0
45200.0,422.0,705.0,395.0,505.0
45300.0,422.0,706.0,395.0,506.0
45400.0,422.0,706.0,394.0,507.0
45500.0,423.0,707.0,394.0,509.0
45600.0,423.0,707.0,395.0,511.0
45700.0,424.0,708.0,394.0,514.0
45800.0,425.0,707.0,395.0,517.0
45900.0,426.0,708.0,395.0,521.0
46000.0,426.0,710.0,395.0,524.0
46100.0,426.0,710.0,395.0,528.0
46200.0,428.0,709.0,396.0,532.0
46300.0,428.0,710.0,396.0,536.0
46400.0,428.0,711.0,397.0,540.0
46500.0,429.0,711.0,396.0,543.0
46600.0,430.0,712.0,397.0,547.0
46700.0,431.0,712.0,398.0,550.0
46800.0,431.0,713.0,398.0,552.0
46900.0,432.0,713.0,399.0,555.0
47000.0,433.0,713.0,398.0,558.0
47100.0,433.0,715.0,399.0,560.0
47200.0,435.0,714.0,400.0,561.0
47300.0,435.0,716.0,399.0,564.0
47400.0,437.0,716.0,400.0,568.0
47500.0,438.0,716.0,401.0,570.0
47600.0,439.0,717.0,400.0,572.0
47700.0,440.0,717.0,401.0,574.0
47800.0,440.0,717.0,402.0,576.0
47900.0,441.0,718.0,402.0,579.0
48000.0,442.0,718.0,402.0,579.0
48100.0,441.0,719.0,402.0,582.0
48200.0,442.0,719.0,403.0,583.0
48300.0,442.0,717.0,403.0,585.0
48400.0,442.0,719.0,404.0,586.0
48500.0,442.0,718.0,405.0,586.0
48600.0,442.0,718.0,404.0,586.0
48700.0,442.0,718.0,405.0,586.0
48800.0,440.0,718.0,405.0,585.0
48900.0,441.0,718.0,405.0,585.0
49000.0,441.0,718.0,405.0,584.0
49100.0,440.0,717.0,404.0,583.0
49200.0,439.0,717.0,405.0,582.0
49300.0,439.0,718.0,406.0,582.0
49400.0,439.0,717.0,404.0,578.0
49500.0,438.0,716.0,406.0,577.0
49600.0,438.0,717.0,405.0,573.0
49700.0,436.0,717.0,404.0,572.0
49800.0,437.0,716.0,404.0,570.0
49900.0,436.0,715.0,404.0,568.0
50000.0,435.0,715.0,405.0,566.0
50100.0,434.0,714.0,404.0,562.0
50200.0,434.0,713.0,404.0,561.0
50300.0,433.0,714.0,404.0,558.0
50400.0,432.0,713.0,403.0,555.0
50500.0,431.0,713.0,403.0,553.0
50600.0,430.0,713.0,402.0,550.0
50700.0,430.0,713.0,403.0,546.0
50800.0,429.0,712.0,403.0,546.0
50900.0,428.0,711.0,401.0,544.0
51000.0,428.0,711.0,402.0,541.0
51100.0,427.0,710.0,401.0,540.0
51200.0,427.0,711.0,402.0,537.0
51300.0,426.0,710.0,401.0,534.0
51400.0,425.0,709.0,401.0,533.0
51500.0,424.0,710.0,402.0,531.0
51600.0,424.0,709.0,400.0,531.0
51700.0,423.0,708.0,400.0,528.0
51800.0,423.0,707.0,399.0,527.0
51900.0,420.0,707.0,400.0,526.0
52000.0,421.0,706.0,399.0,523.0
52100.0,420.0,707.0,399.0,522.0
52200.0,419.0,706.0,399.0,521.0
52300.0,418.0,706.0,399.0,520.0
52400.0,417.0,706.0,397.0,519.0
52500.0,417.0,705.0,398.0,518.0
52600.0,416.0,705.0,398.0,517.0
52700.0,416.0,704.0,398.0,516.0
52800.0,414.0,703.0,396.0,514.0
52900.0,414.0,703.0,397.0,515.0
53000.0,413.0,703.0,398.0,513.0
53100.0,412.0,701.0,397.0,514.0
53200.0,411.0,701.0,396.0,512.0
53300.0,411.0,701.0,397.0,513.0
53400.0,409.0,700.0,397.0,514.0
53500.0,408.0,700.0,397.0,514.0
53600.0,408.0,700.0,396.0,515.0
53700.0,407.0,698.0,396.0,515.0
53800.0,407.0,699.0,395.0,516.0
53900.0,407.0,698.0,396.0,514.0
54000.0,405.0,697.0,397.0,515.0
54100.0,405.0,697.0,396.0,516.0
54200.0,404.0,696.0,396.0,517.0
54300.0,403.0,696.0,396.0,516.0
54400.0,403.0,695.0,395.0,517.0
54500.0,402.0,694.0,395.0,516.0
54600.0,402.0,694.0,395.0,516.0
54700.0,402.0,693.0,396.0,518.0
54800.0,401.0,693.0,394.0,518.0
54900.0,400.0,693.0,395.0,520.0
55000.0,401.0,693.0,395.0,523.0
55100.0,400.0,693.0,394.0,524.0
55200.0,401.0,693.0,395.0,526.0
55300.0,400.0,692.0,395.0,528.0
55400.0,400.0,692.0,395.0,530.0
55500.0,400.0,692.0,396.0,530.0
55600.0,399.0,691.0,395.0,531.0
55700.0,398.0,691.0,396.0,532.0
55800.0,399.0,691.0,396.0,532.0
55900.0,398.0,691.0,395.0,534.0
56000.0,399.0,690.0,396.0,535.0
56100.0,399.0,690.0,396.0,536.0
56200.0,399.0,690.0,396.0,537.0
56300.0,399.0,690.0,396.0,538.0
56400.0,399.0,690.0,397.0,539.0
56500.0,400.0,690.0,398.0,541.0
56600.0,401.0,691.0,397.0,542.0
56700.0,401.0,691.0,398.0,543.0
56800.0,402.0,692.0,397.0,545.0
56900.0,404.0,692.0,398.0,548.0
57000.0,404.0,693.0,399.0,551.0
57100.0,405.0,694.0,399.0,554.0
57200.0,407.0,694.0,399.0,556.0
57300.0,409.0,695.0,400.0,560.0
57400.0,410.0,695.0,401.0,563.0
57500.0,411.0,696.0,402.0,565.0
57600.0,413.0,696.0,402.0,566.0
57700.0,414.0,697.0,402.0,569.0
57800.0,416.0,697.0,402.0,570.0
57900.0,417.0,698.0,402.0,572.0
58000.0,418.0,698.0,403.0,573.0
58100.0,418.0,699.0,404.0,574.0
58200.0,420.0,699.0,404.0,576.0
58300.0,420.0,700.0,404.0,577.0
58400.0,421.0,700.0,404.0,578.0
58500.0,422.0,700.0,405.0,578.0
58600.0,422.0,700.0,405.0,578.0
58700.0,422.0,701.0,405.0,578.0
58800.0,424.0,701.0,405.0,579.0
58900.0,425.0,701.0,406.0,579.0
59000.0,426.0,702.0,406.0,577.0
59100.0,428.0,703.0,406.0,577.0
59200.0,429.0,704.0,405.0,579.0
59300.0,430.0,704.0,406.0,580.0
59400.0,430.0,706.0,406.0,580.0
59500.0,432.0,707.0,406.0,581.0
59600.0,433.0,707.0,407.0,582.0
59700.0,434.0,708.0,407.0,582.0
59800.0,435.0,708.0,408.0,582.0
59900.0,435.0,708.0,408.0,582.0
60000.0,436.0,709.0,407.0,580.0
60100.0,438.0,709.0,407.0,581.0
60200.0,437.0,710.0,407.0,580.0
60300.0,438.0,710.0,406.0,579.0
60400.0,438.0,710.0,407.0,578.0
60500.0,439.0,711.0,408.0,580.0
60600.0,439.0,711.0,407.0,580.0
60700.0,438.0,711.0,407.0,580.0
60800.0,439.0,711.0,408.0,582.0
60900.0,438.0,711.0,408.0,582.0
61000.0,438.0,712.0,408.0,581.0
61100.0,439.0,712.0,408.0,582.0
61200.0,439.0,711.0,408.0,583.0
61300.0,439.0,711.0,408.0,583.0
61400.0,439.0,711.0,409.0,582.0
61500.0,438.0,712.0,408.0,583.0
61600.0,438.0,712.0,409.0,583.0
61700.0,438.0,711.0,408.0,581.0
61800.0,439.0,711.0,409.0,582.0
61900.0,438.0,711.0,409.0,580.0
62000.0,438.0,711.0,409.0,580.0
62100.0,438.0,711.0,409.0,579.0
62200.0,437.0,712.0,408.0,578.0
62300.0,436.0,710.0,408.0,576.0
62400.0,438.0,710.0,409.0,575.0
62500.0,438.0,711.0,409.0,575.0
62600.0,437.0,711.0,408.0,572.0
62700.0,438.0,711.0,408.0,570.0
62800.0,438.0,711.0,408.0,568.0
62900.0,439.0,711.0,408.0,568.0
63000.0,440.0,712.0,407.0,567.0
63100.0,440.0,712.0,407.0,564.0
63200.0,442.0,712.0,409.0,566.0
63300.0,443.0,712.0,407.0,563.0
63400.0,444.0,713.0,408.0,564.0
63500.0,444.0,714.0,408.0,565.0
63600.0,446.0,713.0,408.0,564.0
63700.0,447.0,714.0,409.0,564.0
63800.0,447.0,714.0,409.0,562.0
63900.0,447.0,714.0,408.0,562.0
64000.0,448.0,714.0,408.0,562.0
64100.0,448.0,714.0,408.0,561.0
64200.0,448.0,715.0,408.0,562.0
64300.0,448.0,714.0,409.0,560.0
64400.0,448.0,715.0,409.0,558.0
64500.0,448.0,714.0,408.0,558.0
64600.0,448.0,714.0,409.0,558.0
64700.0,447.0,714.0,408.0,556.0
64800.0,447.0,714.0,408.0,556.0
64900.0,447.0,713.0,408.0,555.0
65000.0,447.0,714.0,409.0,554.0
65100.0,446.0,713.0,409.0,554.0
65200.0,446.0,713.0,408.0,553.0
65300.0,445.0,713.0,408.0,553.0
65400.0,445.0,713.0,407.0,551.0
65500.0,445.0,713.0,408.0,550.0
65600.0,444.0,713.0,408.0,550.0
65700.0,444.0,712.0,408.0,549.0
65800.0,444.0,712.0,407.0,546.0
65900.0,444.0,711.0,407.0,546.0
66000.0,443.0,712.0,407.0,544.0
66100.0,442.0,711.0,407.0,543.0
66200.0,442.0,711.0,407.0,541.0
66300.0,442.0,711.0,407.0,541.0
66400.0,442.0,711.0,406.0,539.0
66500.0,441.0,711.0,406.0,539.0
66600.0,442.0,711.0,406.0,538.0
66700.0,442.0,710.0,405.0,537.0
66800.0,441.0,710.0,406.0,537.0
66900.0,440.0,711.0,406.0,536.0
67000.0,440.0,710.0,405.0,537.0
67100.0,441.0,711.0,405.0,538.0
67200.0,440.0,710.0,405.0,539.0
67300.0,441.0,710.0,405.0,539.0
67400.0,441.0,711.0,405.0,541.0
67500.0,440.0,712.0,405.0,544.0
67600.0,440.0,712.0,404.0,546.0
67700.0,440.0,712.0,405.0,548.0
67800.0,440.0,712.0,406.0,550.0
67900.0,441.0,712.0,406.0,552.0
68000.0,441.0,713.0,406.0,555.0
68100.0,440.0,713.0,405.0,555.0
68200.0,441.0,713.0,405.0,559.0
68300.0,441.0,713.0,406.0,562.0
68400.0,440.0,713.0,407.0,563.0
68500.0,441.0,713.0,406.0,565.0
68600.0,440.0,712.0,407.0,566.0
68700.0,440.0,712.0,408.0,566.0
68800.0,439.0,712.0,408.0,567.0
68900.0,439.0,713.0,408.0,565.0
69000.0,438.0,712.0,408.0,567.0
69100.0,438.0,712.0,407.0,565.0
69200.0,437.0,712.0,408.0,565.0
69300.0,436.0,711.0,408.0,564.0
69400.0,436.0,711.0,407.0,563.0
69500.0,435.0,711.0,407.0,561.0
69600.0,434.0,711.0,407.0,560.0
69700.0,434.0,710.0,407.0,559.0
69800.0,434.0,709.0,406.0,557.0
69900.0,432.0,709.0,406.0,556.0
70000.0,432.0,709.0,407.0,555.0
70100.0,430.0,708.0,407.0,552.0
70200.0,430.0,707.0,406.0,550.0
70300.0,429.0,708.0,406.0,549.0
70400.0,428.0,708.0,406.0,546.0
70500.0,428.0,707.0,406.0,544.0
70600.0,427.0,707.0,405.0,542.0
70700.0,427.0,705.0,406.0,540.0
70800.0,426.0,705.0,405.0,538.0
70900.0,427.0,705.0,405.0,536.0
71000.0,426.0,705.0,404.0,533.0
71100.0,425.0,706.0,404.0,532.0
71200.0,425.0,706.0,403.0,531.0
71300.0,426.0,705.0,405.0,528.0
71400.0,424.0,705.0,403.0,528.0
71500.0,424.0,705.0,404.0,528.0
71600.0,425.0,705.0,404.0,526.0
71700.0,424.0,705.0,404.0,527.0
71800.0,423.0,704.0,403.0,525.0
71900.0,424.0,704.0,402.0,525.0
72000.0,423.0,705.0,402.0,524.0
72100.0,422.0,704.0,403.0,523.0
72200.0,423.0,703.0,403.0,521.0
72300.0,423.0,704.0,402.0,520.0
72400.0,424.0,705.0,402.0,519.0
72500.0,423.0,704.0,402.0,518.0
72600.0,422.0,704.0,403.0,517.0
72700.0,423.0,704.0,401.0,517.0
72800.0,422.0,704.0,401.0,515.0
72900.0,423.0,703.0,402.0,514.0
73000.0,422.0,704.0,401.0,512.0
73100.0,422.0,704.0,402.0,512.0
73200.0,422.0,704.0,401.0,511.0
73300.0,421.0,704.0,402.0,509.0
73400.0,421.0,703.0,401.0,510.0
73500.0,421.0,703.0,401.0,509.0
73600.0,420.0,703.0,400.0,507.0
73700.0,420.0,702.0,400.0,507.0
73800.0,419.0,703.0,399.0,506.0
73900.0,419.0,702.0,400.0,504.0
74000.0,419.0,702.0,400.0,505.0
74100.0,419.0,701.0,399.0,503.0
74200.0,419.0,702.0,399.0,502.0
74300.0,419.0,702.0,398.0,502.0
74400.0,418.0,702.0,398.0,502.0
74500.0,419.0,702.0,398.0,503.0
74600.0,420.0,702.0,398.0,502.0
74700.0,420.0,703.0,398.0,505.0
74800.0,422.0,704.0,398.0,505.0
74900.0,422.0,704.0,399.0,509.0
75000.0,422.0,705.0,399.0,509.0
75100.0,423.0,705.0,399.0,512.0
75200.0,424.0,705.0,399.0,516.0
75300.0,425.0,705.0,398.0,518.0
75400.0,426.0,706.0,399.0,519.0
75500.0,427.0,706.0,399.0,521.0
75600.0,428.0,706.0,400.0,523.0
75700.0,429.0,707.0,399.0,525.0
75800.0,430.0,707.0,400.0,527.0
75900.0,431.0,707.0,400.0,526.0
76000.0,431.0,708.0,400.0,526.0
76100.0,432.0,708.0,400.0,529.0
76200.0,432.0,707.0,400.0,530.0
76300.0,432.0,708.0,401.0,531.0
76400.0,434.0,708.0,400.0,533.0
76500.0,434.0,709.0,401.0,533.0
76600.0,434.0,709.0,401.0,538.0
76700.0,434.0,709.0,401.0,540.0
76800.0,435.0,709.0,401.0,543.0
76900.0,436.0,710.0,401.0,549.0
77000.0,436.0,709.0,401.0,551.0
77100.0,436.0,710.0,402.0,555.0
77200.0,436.0,711.0,403.0,559.0
77300.0,436.0,711.0,403.0,564.0
77400.0,436.0,712.0,404.0,568.0
77500.0,437.0,711.0,404.0,573.0
77600.0,436.0,712.0,404.0,577.0
77700.0,435.0,712.0,404.0,581.0
77800.0,437.0,713.0,405.0,586.0
77900.0,435.0,713.0,405.0,587.0
78000.0,435.0,712.0,405.0,592.0
78100.0,436.0,714.0,405.0,594.0
78200.0,436.0,714.0,406.0,596.0
78300.0,437.0,714.0,405.0,599.0
78400.0,436.0,713.0,406.0,602.0
78500.0,436.0,714.0,406.0,603.0
78600.0,436.0,714.0,406.0,604.0
78700.0,436.0,714.0,407.0,606.0
78800.0,436.0,715.0,405.0,607.0
78900.0,436.0,715.0,407.0,607.0
79000.0,436.0,715.0,407.0,607.0
79100.0,437.0,713.0,407.0,608.0
79200.0,436.0,715.0,407.0,607.0
79300.0,436.0,715.0,407.0,608.0
79400.0,436.0,714.0,407.0,606.0
79500.0,436.0,714.0,406.0,606.0
79600.0,436.0,715.0,406.0,605.0
79700.0,436.0,714.0,406.0,604.0
79800.0,435.0,714.0,406.0,604.0
79900.0,434.0,714.0,406.0,604.0
80000.0,435.0,713.0,406.0,603.0
80100.0,434.0,714.0,406.0,604.0
80200.0,434.0,714.0,407.0,603.0
80300.0,434.0,713.0,407.0,604.0
80400.0,433.0,713.0,407.0,603.0
80500.0,433.0,712.0,408.0,605.0
80600.0,433.0,712.0,408.0,604.0
80700.0,432.0,713.0,409.0,604.0
80800.0,433.0,712.0,408.0,604.0
80900.0,432.0,711.0,409.0,603.0
81000.0,432.0,711.0,408.0,600.0
81100.0,431.0,713.0,408.0,600.0
81200.0,431.0,712.0,409.0,600.0
81300.0,431.0,712.0,409.0,599.0
81400.0,431.0,713.0,408.0,596.0
81500.0,430.0,713.0,409.0,595.0
81600.0,431.0,713.0,409.0,594.0
81700.0,430.0,712.0,409.0,594.0
81800.0,430.0,711.0,409.0,591.0
81900.0,430.0,712.0,409.0,588.0
82000.0,429.0,712.0,409.0,589.0
82100.0,428.0,712.0,408.0,584.0
82200.0,428.0,711.0,408.0,583.0
82300.0,427.0,711.0,408.0,582.0
82400.0,426.0,711.0,408.0,580.0
82500.0,426.0,710.0,408.0,577.0
82600.0,425.0,710.0,408.0,574.0
82700.0,425.0,710.0,407.0,570.0
82800.0,424.0,710.0,407.0,569.0
82900.0,424.0,709.0,407.0,567.0
83000.0,423.0,709.0,407.0,563.0
83100.0,422.0,709.0,407.0,561.0
83200.0,423.0,708.0,406.0,557.0
83300.0,422.0,708.0,407.0,555.0
83400.0,421.0,707.0,406.0,552.0
83500.0,421.0,707.0,406.0,550.0
83600.0,421.0,707.0,406.0,546.0
83700.0,420.0,707.0,405.0,545.0
83800.0,420.0,707.0,404.0,542.0
83900.0,420.0,707.0,405.0,539.0
84000.0,420.0,707.0,404.0,537.0
84100.0,420.0,707.0,405.0,535.0
84200.0,420.0,706.0,404.0,533.0
84300.0,420.0,706.0,403.0,529.0
84400.0,419.0,706.0,404.0,530.0
84500.0,420.0,706.0,403.0,529.0
84600.0,420.0,706.0,402.0,528.0
84700.0,419.0,706.0,402.0,527.0
84800.0,419.0,706.0,403.0,526.0
84900.0,420.0,706.0,403.0,526.0
85000.0,420.0,706.0,402.0,526.0
85100.0,421.0,706.0,402.0,528.0
85200.0,421.0,706.0,402.0,529.0
85300.0,421.0,706.0,402.0,530.0
85400.0,421.0,706.0,403.0,532.0
85500.0,421.0,706.0,403.0,532.0
85600.0,422.0,707.0,403.0,532.0
85700.0,422.0,707.0,403.0,533.0
85800.0,423.0,707.0,402.0,533.0
85900.0,422.0,707.0,403.0,533.0
86000.0,423.0,707.0,403.0,534.0
86100.0,424.0,707.0,402.0,537.0
86200.0,425.0,707.0,402.0,537.0
86300.0,424.0,707.0,403.0,539.0
86400.0,424.0,708.0,403.0,542.0
86500.0,425.0,707.0,404.0,540.0
86600.0,425.0,708.0,403.0,542.0
86700.0,424.0,708.0,403.0,540.0
86800.0,424.0,707.0,403.0,540.0
86900.0,424.0,707.0,403.0,539.0
87000.0,423.0,706.0,404.0,538.0
87100.0,423.0,706.0,403.0,537.0
87200.0,423.0,705.0,403.0,536.0
87300.0,422.0,706.0,403.0,534.0
87400.0,422.0,706.0,403.0,534.0
87500.0,422.0,706.0,403.0,533.0
87600.0,422.0,705.0,403.0,534.0
87700.0,421.0,705.0,402.0,533.0
87800.0,421.0,705.0,402.0,532.0
87900.0,421.0,705.0,402.0,531.0
88000.0,420.0,705.0,402.0,530.0
88100.0,420.0,704.0,402.0,529.0
88200.0,420.0,704.0,402.0,528.0
88300.0,420.0,705.0,401.0,526.0
88400.0,420.0,704.0,400.0,526.0
88500.0,419.0,704.0,401.0,524.0
88600.0,419.0,704.0,401.0,523.0
88700.0,419.0,703.0,401.0,522.0
88800.0,419.0,704.0,400.0,522.0
88900.0,419.0,703.0,400.0,521.0
89000.0,418.0,703.0,400.0,522.0
89100.0,419.0,703.0,400.0,521.0
89200.0,419.0,703.0,400.0,521.0
89300.0,420.0,703.0,400.0,521.0
89400.0,420.0,703.0,399.0,520.0
89500.0,420.0,704.0,398.0,520.0
89600.0,421.0,704.0,399.0,521.0
89700.0,421.0,704.0,399.0,522.0
89800.0,422.0,704.0,399.0,523.0
89900.0,421.0,704.0,399.0,522.0
